   705631,
            705643,
            705689,
            705713,
            705737,
            705751,
            705763,
            705769,
            705779,
            705781,
            705787,
            705821,
            705827,
            705829,
            705833,
            705841,
            705863,
            705871,
            705883,
            705899,
            705919,
            705937,
            705949,
            705967,
            705973,
            705989,
            706001,
            706003,
            706009,
            706019,
            706033,
            706039,
            706049,
            706051,
            706067,
            706099,
            706109,
            706117,
            706133,
            706141,
            706151,
            706157,
            706159,
            706183,
            706193,
            706201,
            706207,
            706213,
            706229,
            706253,
            706267,
            706283,
            706291,
            706297,
            706301,
            706309,
            706313,
            706337,
            706357,
            706369,
            706373,
            706403,
            706417,
            706427,
            706463,
            706481,
            706487,
            706499,
            706507,
            706523,
            706547,
            706561,
            706597,
            706603,
            706613,
            706621,
            706631,
            706633,
            706661,
            706669,
            706679,
            706703,
            706709,
            706729,
            706733,
            706747,
            706751,
            706753,
            706757,
            706763,
            706787,
            706793,
            706801,
            706829,
            706837,
            706841,
            706847,
            706883,
            706897,
            706907,
            706913,
            706919,
            706921,
            706943,
            706961,
            706973,
            706987,
            706999,
            707011,
            707027,
            707029,
            707053,
            707071,
            707099,
            707111,
            707117,
            707131,
            707143,
            707153,
            707159,
            707177,
            707191,
            707197,
            707219,
            707249,
            707261,
            707279,
            707293,
            707299,
            707321,
            707341,
            707359,
            707383,
            707407,
            707429,
            707431,
            707437,
            707459,
            707467,
            707501,
            707527,
            707543,
            707561,
            707563,
            707573,
            707627,
            707633,
            707647,
            707653,
            707669,
            707671,
            707677,
            707683,
            707689,
            707711,
            707717,
            707723,
            707747,
            707753,
            707767,
            707789,
            707797,
            707801,
            707813,
            707827,
            707831,
            707849,
            707857,
            707869,
            707873,
            707887,
            707911,
            707923,
            707929,
            707933,
            707939,
            707951,
            707953,
            707957,
            707969,
            707981,
            707983,
            708007,
            708011,
            708017,
            708023,
            708031,
            708041,
            708047,
            708049,
            708053,
            708061,
            708091,
            708109,
            708119,
            708131,
            708137,
            708139,
            708161,
            708163,
            708179,
            708199,
            708221,
            708223,
            708229,
            708251,
            708269,
            708283,
            708287,
            708293,
            7083705631,
            705643,
            705689,
            705713,
            705737,
            705751,
            705763,
            705769,
            705779,
            705781,
            705787,
            705821,
            705827,
            705829,
            705833,
            705841,
            705863,
            705871,
            705883,
            705899,
            705919,
            705937,
            705949,
            705967,
            705973,
            705989,
            706001,
            706003,
            706009,
            706019,
            706033,
            706039,
            706049,
            706051,
            706067,
            706099,
            706109,
            706117,
            706133,
            706141,
            706151,
            706157,
            706159,
            706183,
            706193,
            706201,
            706207,
            706213,
            706229,
            706253,
            706267,
            706283,
            706291,
            706297,
            706301,
            706309,
            706313,
            706337,
            706357,
            706369,
            706373,
            706403,
            706417,
            706427,
            706463,
            706481,
            706487,
            706499,
            706507,
            706523,
            706547,
            706561,
            706597,
            706603,
            706613,
            706621,
            706631,
            706633,
            706661,
            706669,
            706679,
            706703,
            706709,
            706729,
            706733,
            706747,
            706751,
            706753,
            706757,
            706763,
            706787,
            706793,
            706801,
            706829,
            706837,
            706841,
            706847,
            706883,
            706897,
            706907,
            706913,
            706919,
            706921,
            706943,
            706961,
            706973,
            706987,
            706999,
            707011,
            707027,
            707029,
            707053,
            707071,
            707099,
            707111,
            707117,
            707131,
            707143,
            707153,
            707159,
            707177,
            707191,
            707197,
            707219,
            707249,
            707261,
            707279,
            707293,
            707299,
            707321,
            707341,
            707359,
            707383,
            707407,
            707429,
            707431,
            707437,
            707459,
            707467,
            707501,
            707527,
            707543,
            707561,
            707563,
            707573,
            707627,
            707633,
            707647,
            707653,
            707669,
            707671,
            707677,
            707683,
            707689,
            707711,
            707717,
            707723,
            707747,
            707753,
            707767,
            707789,
            707797,
            707801,
            707813,
            707827,
            707831,
            707849,
            707857,
            707869,
            707873,
            707887,
            707911,
            707923,
            707929,
            707933,
            707939,
            707951,
            707953,
            707957,
            707969,
            707981,
            707983,
            708007,
            708011,
            708017,
            708023,
            708031,
            708041,
            708047,
            708049,
            708053,
            708061,
            708091,
            708109,
            708119,
            708131,
            708137,
            708139,
            708161,
            708163,
            708179,
            708199,
            708221,
            708223,
            708229,
            708251,
            708269,
            708283,
            708287,
            708293,
            708311,
            708329,
            708343,
            708347,
            708353,
            708359,
            708361,
            708371,
            708403,
            708437,
            708457,
            708473,
            708479,
            708481,
            708493,
            708497,
            708517,
            708527,
            708559,
            708563,
            708569,
            708583,
            708593,
            708599,
            708601,
            708641,
            708647,
            708667,
            708689,
            708703,
            708733,
            708751,
            708803,
            708823,
            708839,
            708857,
            708859,
            708893,
            708899,
            708907,
            708913,
            708923,
            708937,
            708943,
            708959,
            708979,
            708989,
            708991,
            708997,
            709043,
            709057,
            709097,
            709117,
            709123,
            709139,
            709141,
            709151,
            709153,
            709157,
            709201,
            709211,
            709217,
            709231,
            709237,
            709271,
            709273,
            709279,
            709283,
            709307,
            709321,
            709337,
            709349,
            709351,
            709381,
            709409,
            709417,
            709421,
            709433,
            709447,
            709451,
            709453,
            709469,
            709507,
            709519,
            709531,
            709537,
            709547,
            709561,
            709589,
            709603,
            709607,
            709609,
            709649,
            709651,
            709663,
            709673,
            709679,
            709691,
            709693,
            709703,
            709729,
            709739,
            709741,
            709769,
            709777,
            709789,
            709799,
            709817,
            709823,
            709831,
            709843,
            709847,
            709853,
            709861,
            709871,
            709879,
            709901,
            709909,
            709913,
            709921,
            709927,
            709957,
            709963,
            709967,
            709981,
            709991,
            710009,
            710023,
            710027,
            710051,
            710053,
            710081,
            710089,
            710119,
            710189,
            710207,
            710219,
            710221,
            710257,
            710261,
            710273,
            710293,
            710299,
            710321,
            710323,
            710327,
            710341,
            710351,
            710371,
            710377,
            710383,
            710389,
            710399,
            710441,
            7104543,
            710449,
            710459,
            710473,
            710483,
            710491,
            710503,
            710513,
            710519,
            710527,
            710531,
            710557,
            710561,
            710569,
            710573,
            710599,
            710603,
            710609,
            710621,
            710623,
            710627,
            710641,
            710663,
            710683,
            710693,
            710713,
            710777,
            710779,
            710791,
            710813,
            710837,
            710839,
            710849,
            710851,
            710863,
            710867,
            710873,
            710887,
            710903,
            710909,
            710911,
            710917,
            710929,
            710933,
            710951,
            710959,
            710971,
            710977,
            710987,
            710989,
            711001,
            711017,
            711019,
            711023,
            711041,
            711049,
            711089,
            711097,
            711121,
            711131,
            711133,
            711143,
            711163,
            711173,
            711181,
            711187,
            711209,
            711223,
            711259,
            711287,
            711299,
            711307,
            711317,
            711329,
            711353,
            711371,
            711397,
            711409,
            711427,
            711437,
            711463,
            711479,
            711497,
            711499,
            711509,
            711517,
            711523,
            711539,
            711563,
            711577,
            711583,
            711589,
            711617,
            711629,
            711649,
            711653,
            711679,
            711691,
            711701,
            711707,
            711709,
            711713,
            711727,
            711731,
            711749,
            711751,
            711757,
            711793,
            711811,
            711817,
            711829,
            711839,
            711847,
            711859,
            711877,
            711889,
            711899,
            711913,
            711923,
            711929,
            711937,
            711947,
            711959,
            711967,
            711973,
            711983,
            712007,
            712021,
            712051,
            712067,
            712093,
            712109,
            712121,
            712133,
            712157,
            712169,
            712171,
            712183,
            712199,
            712219,
            712237,
            712279,
            712289,
            712301,
            712303,
            712319,
            712321,
            712331,
            712339,
            712357,
            712409,
            712417,
            712427,
            712429,
            712433,
            712447,
            712477,
            712483,
            712489,
            712493,
            712499,
            712507,
            712511,
            712531,
            712561,
            712571,
            712573,
            712601,
            712603,
            712631,
            712651,
            712669,
            712681,
            712687,
            712693,
            712697,
            712711,
            712717,
            712739,
            712781,
            712807,
            712819,
            712837,
            7128451,
            712843,
            712847,
            712883,
            712889,
            712891,
            712909,
            712913,
            712927,
            712939,
            712951,
            712961,
            712967,
            712973,
            712981,
            713021,
            713039,
            713059,
            713077,
            713107,
            713117,
            713129,
            713147,
            713149,
            713159,
            713171,
            713177,
            713183,
            713189,
            713191,
            713227,
            713233,
            713239,
            713243,
            713261,
            713267,
            713281,
            713287,
            713309,
            713311,
            713329,
            713347,
            713351,
            713353,
            713357,
            713381,
            713389,
            713399,
            713407,
            713411,
            713417,
            713467,
            713477,
            713491,
            713497,
            713501,
            713509,
            713533,
            713563,
            713569,
            713597,
            713599,
            713611,
            713627,
            713653,
            713663,
            713681,
            713737,
            713743,
            713747,
            713753,
            713771,
            713807,
            713827,
            7138315,
            713833,
            713861,
            713863,
            713873,
            713891,
            713903,
            713917,
            713927,
            713939,
            713941,
            713957,
            713981,
            713987,
            714029,
            714037,
            714061,
            714073,
            714107,
            714113,
            714139,
            714143,
            714151,
            714163,
            714169,
            71411,
            708329,
            708343,
            708347,
            708353,
            708359,
            708361,
            708371,
            708403,
            708437,
            708457,
            708473,
            708479,
            708481,
            708493,
            708497,
            708517,
            708527,
            708559,
            708563,
            708569,
            708583,
            708593,
            708599,
            708601,
            708641,
            708647,
            708667,
            708689,
            708703,
            708733,
            708751,
            708803,
            708823,
            708839,
            708857,
            708859,
            708893,
            708899,
            708907,
            708913,
            708923,
            708937,
            708943,
            708959,
            708979,
            708989,
            708991,
            708997,
            709043,
            709057,
            709097,
            709117,
            709123,
            709139,
            709141,
            709151,
            709153,
            709157,
            709201,
            709211,
            709217,
            709231,
            709237,
            709271,
            709273,
            709279,
            709283,
            709307,
            709321,
            709337,
            709349,
            709351,
            709381,
            709409,
            709417,
            709421,
            709433,
            709447,
            709451,
            709453,
            709469,
            709507,
            709519,
            709531,
            709537,
            709547,
            709561,
            709589,
            709603,
            709607,
            709609,
            709649,
            709651,
            709663,
            709673,
            709679,
            709691,
            709693,
            709703,
            709729,
            709739,
            709741,
            709769,
            709777,
            709789,
            709799,
            709817,
            709823,
            709831,
            709843,
            709847,
            709853,
            709861,
            709871,
            709879,
            709901,
            709909,
            709913,
            709921,
            709927,
            709957,
            709963,
            709967,
            709981,
            709991,
            710009,
            710023,
            710027,
            710051,
            710053,
            710081,
            710089,
            710119,
            710189,
            710207,
            710219,
            710221,
            710257,
            710261,
            710273,
            710293,
            710299,
            710321,
            710323
